# Edge changes for USA-road-d.NY (format: <operation> <u> <v> <weight>)
# Operations: D (deletion), I (insertion)
D 91627 91628 491
I 22074 127327 1577
D 157601 157600 778
I 110920 192983 190
I 71219 89248 564
I 128371 182900 952
D 168362 168363 253
D 106918 106917 1278
D 130333 130366 948
D 14135 14137 1611
I 173838 190578 685
D 182107 182106 588
I 12161 24267 278
I 102065 216877 1927
I 130196 228440 471
D 49040 49182 1320
I 37800 256060 1407
I 84410 252927 1906
D 217506 217507 958
I 70971 83778 1022
D 99473 99469 1742
I 103914 128669 1795
D 79436 79435 2000
I 4086 197657 1911
I 21505 38755 1075
D 47251 47252 2104
I 36116 184254 1435
I 169821 249514 1895
I 156464 260646 1532
I 172218 239326 492
D 245782 245783 1100
I 51384 140462 881
I 206533 208733 315
I 108106 182003 210
D 166020 166047 1222
D 157326 157327 790
I 51757 72421 231
I 92763 186584 322
D 84930 85301 1439
D 33400 33399 746
I 171617 196730 1518
I 166839 239524 925
I 36574 191940 352
D 238311 238312 2561
I 161652 229208 1836
I 104889 185563 1612
I 115344 254625 1624
D 256524 256514 522
D 4820 4817 6160
D 189010 189017 2698
I 18819 173338 706
D 160770 158591 1454
D 87254 76262 1377
I 85266 195820 1713
I 152867 177648 168
I 148528 246042 1731
D 57492 57489 809
D 89705 89685 13527
D 109768 109766 1072
I 95031 187398 1150
D 181875 181876 517
D 208051 208039 1907
D 169102 169101 452
D 17001 17036 611
D 26023 26064 210
D 74544 74656 406
I 22562 222586 198
I 132448 133003 1728
D 203591 203589 773
I 154212 180031 551
I 13421 235270 1785
D 106169 105996 473
I 217256 235770 1442
D 38867 38878 3086
D 163451 163448 951
I 4537 125346 285
I 24132 223939 774
D 141511 141526 130
I 154462 184230 830
I 24612 263356 1935
D 54184 54207 2292
I 162575 177415 1982
I 86746 123079 394
D 75611 75607 677
D 7087 7083 799
D 10681 10678 1387
I 194833 234662 1137
I 74555 144855 437
I 3213 258505 1943
I 167885 250903 1785
I 44488 249255 714
D 28579 28621 1901
I 86349 138053 1673
D 115145 115141 2824
D 251354 251353 1085
D 135427 135413 947
I 23868 211040 1687
I 46506 188262 134
D 107897 105675 475
I 99920 147612 1440
I 2432 153503 807
I 19508 66877 1152
D 145625 145629 795
I 19235 58838 854
D 9787 9794 192
D 22063 22064 556
D 142358 142359 877
D 218149 220256 403
I 68717 260701 961
I 254730 259147 1721
D 161680 161653 518
D 234948 234942 1166
I 7009 229241 1213
D 63631 63615 1761
I 87433 245398 913
I 9751 263749 607
I 88731 163930 627
I 78059 137019 1767
D 124479 124475 606
D 113419 113418 947
D 56356 56364 6727
I 135370 187990 1638
D 83350 83351 1292
I 152503 170531 1371
D 216311 216310 785
D 230569 230558 1342
D 203619 203614 683
I 101879 223340 1395
I 136587 195061 1349
I 65750 112142 1822
D 117154 117168 2373
D 41897 41896 610
D 169384 169396 850
D 203887 203886 1400
D 85491 85509 1495
I 60640 154288 605
I 167358 233322 458
D 32522 32513 376
D 119584 119586 1616
I 43072 162798 234
I 48728 254473 253
I 2865 253387 1821
D 116402 117630 2040
I 141248 238587 1060
I 58220 179112 131
D 159094 159090 1023
D 255426 255425 1532
I 92542 210106 1055
I 178902 251290 1017
I 85373 188901 178
I 10359 231957 1497
D 257820 257826 4025
I 49306 183936 177
I 65261 254420 578
I 20740 66314 148
I 57313 183919 659
I 66091 98342 1575
I 31068 202805 1664
I 19918 77837 681
D 254128 254126 818
D 220890 220915 914
I 132574 165982 1617
I 216933 248873 1289
D 188632 188624 1487
D 253047 253057 1238
D 34545 7180 1394
I 114687 122835 1335
I 39147 79536 641
D 138735 138727 847
D 211952 211993 750
I 18615 25689 497
D 109594 109650 1264
I 25424 46094 1887
D 21169 22664 1022
I 97978 232720 1645
I 244426 262487 1847
I 51356 171816 234
D 83450 83475 3565
I 106931 206157 1787
I 21374 201332 802
I 24816 145186 1458
I 120157 263245 1292
I 68950 140012 559
I 118370 260553 1151
D 51082 51083 697
D 243356 243357 2706
I 92579 99463 1446
D 190789 190787 1054
D 249161 249167 782
D 212186 212183 2080
D 62533 62530 539
D 9739 9738 636
D 88891 88992 821
I 31237 183163 1424
D 50315 43070 2998
D 225823 235030 2150
I 151568 170051 344
I 74000 168725 1915
D 204548 204550 773
I 167148 259964 1304
D 222984 218532 1223
D 39825 39820 2978
D 135709 132588 398
I 46819 262906 1887
D 68532 68490 768
D 160976 161188 752
I 146766 259633 1082
I 7301 89348 813
I 226366 237148 1786
I 105428 141630 1652
I 24844 153021 933
I 63073 113403 1392
D 146168 146166 2167
I 44805 98519 1158
D 43395 43453 1367
I 198888 250123 1604
D 98980 96448 1182
I 195592 198490 1534
D 19180 26188 158
D 145549 145600 1730
D 159357 159221 1133
I 48340 174521 1876
D 89335 89276 1780
I 6152 90043 1648
I 129957 201793 1633
D 19011 19010 3086
D 172916 172941 1098
I 4817 10300 279
I 97223 212307 994
D 45944 45941 1307
I 41938 200334 328
D 129032 129033 4882
I 201303 221249 1275
I 71782 203545 510
D 225991 225362 1955
I 10767 82321 1726
D 106039 106036 1686
D 27385 27386 1612
I 15297 251238 1792
D 171997 171989 778
D 54137 54128 673
I 98937 153666 1740
I 143419 150231 278
I 42726 247332 1592
D 250961 250957 196
D 172721 155230 1635
I 62819 64015 1484
I 110483 212397 1939
D 126382 126337 537
D 147073 147071 1736
I 58714 183043 327
I 13609 108656 162
D 225429 225519 1363
I 95215 141976 341
I 156185 221769 1735
D 150251 150248 1456
I 73719 89622 763
I 115169 146542 1262
I 131264 218471 840
I 183830 256232 243
D 224753 224921 527
I 43939 138279 1296
I 26641 56726 817
I 60849 190978 1048
D 162839 162840 709
D 50121 50123 1225
D 164528 164527 796
D 193161 193159 834
D 2278 2269 4720
D 176939 176940 376
D 19506 19513 336
D 122595 123393 1748
D 206935 206915 555
D 25655 25638 3085
I 155930 257212 1960
D 39138 39300 2068
D 17514 17513 1398
I 47272 197333 796
D 98854 98856 1179
D 184983 185000 2054
D 121770 121771 6303
I 24110 246088 1039
D 139973 139940 380
I 110341 141185 1021
D 31714 31707 855
I 169719 224940 259
I 139673 229611 525
D 209522 209521 763
D 127093 127092 706
D 86282 86283 417
D 71120 71117 1667
I 156201 226904 719
D 248182 248181 688
D 324 304 2573
I 111943 198423 1180
D 124618 124682 1726
D 79717 79718 2751
I 63328 167689 1394
I 163433 180551 739
D 53417 53411 709
D 227751 227732 1669
I 78679 84604 1802
D 31037 31036 1319
D 141916 141910 712
I 37031 94807 583
D 13810 13803 1257
D 255310 255311 2573
I 102638 122577 771
D 80955 80978 1085
I 136866 247621 1692
I 14770 145266 939
D 28046 27885 737
I 147583 237176 1811
D 162363 162362 789
D 217221 217274 2349
D 126253 126251 2286
D 188481 188485 2857
I 62567 250402 1825
I 74222 151208 146
D 199871 199888 2779
D 234256 225337 1596
D 1632 1813 275
D 234751 228719 2160
D 237875 237862 1211
D 201120 201118 1825
D 244860 244858 2339
D 222258 215971 1534
I 11976 68967 812
I 146370 177778 504
I 146122 255532 1187
I 143130 244440 1767
I 45810 241934 397
D 232680 232674 3002
D 38908 38902 2511
D 158788 158803 1308
D 74879 74877 2463
I 168231 248547 1622
I 171728 196719 1714
I 113224 220989 1423
D 187672 187663 1097
I 66209 70106 563
D 165771 165772 202
I 21570 135172 109
D 187943 187936 1759
I 57830 137141 1160
D 49984 49987 1483
I 74272 241944 1922
D 72619 72629 417
I 26824 248521 1361
I 114600 116041 1514
D 4043 4045 845
D 70423 70368 1207
D 66113 66115 1626
I 50467 101800 1718
D 31946 30054 1427
I 77510 159253 724
I 105798 254347 812
I 4046 165444 1874
D 150749 150723 643
D 150603 150736 302
D 249341 249338 1279
D 151952 151957 898
I 131446 184066 1454
I 11410 146978 713
D 80779 80781 3611
D 101826 101798 202
I 26732 229154 1693
D 21928 21929 756
D 111021 111011 1963
I 10266 217452 676
D 248468 248473 1344
I 110968 214151 587
I 17155 256887 582
I 38303 140351 1030
I 104336 247469 1704
D 237581 239229 2494
I 65487 149630 776
D 62246 62245 1239
D 14184 14166 975
I 20549 95256 1952
D 140299 150752 583
I 14884 195874 325
D 4310 4274 332
I 105427 210205 614
D 142365 142364 1529
I 1838 43527 1070
D 63159 63149 519
I 68914 74508 1042
I 142915 184914 1311
D 205642 205640 945
I 93201 227531 679
I 66151 116935 555
I 22016 118545 274
D 222012 221981 1518
D 54920 54918 747
I 170629 203165 182
D 108536 108540 1221
D 78995 78997 93
D 55241 55250 752
I 22234 112636 1432
I 3805 90375 320
D 54424 54415 511
I 29395 87301 925
D 64559 64568 1816
D 50259 40423 228
I 164659 255161 969
I 42509 80722 1143
I 183993 245847 1183
I 67060 130224 121
I 233549 241841 803
D 193131 194045 494
D 121546 121545 133
I 185137 191904 1709
I 1339 257385 639
D 80108 80109 3330
I 142583 174124 1400
I 92082 166259 1880
I 15216 257539 1993
I 105097 182647 835
D 131148 131140 2671
D 89076 89077 847
I 8063 66153 170
D 257200 257195 1160
D 199940 199889 785
I 22427 61653 1975
I 27261 62977 818
D 59395 59394 1675
D 161519 161520 893
D 241125 241129 108
I 104291 120452 302
D 213961 213960 867
D 156332 156331 593
D 103783 103784 713
I 138 112905 1655
I 143446 259546 644
I 44855 49730 1329
D 145525 145528 734
D 4931 4475 94
I 152125 179007 837
I 75527 126283 257
D 159908 159899 445
I 73660 91219 1826
D 262732 262734 865
D 175979 176077 1308
I 109074 193409 342
D 197809 197662 608
D 187035 190753 213
D 47894 47896 2085
D 244747 244749 1559
I 59874 92169 1326
I 36354 178616 748
I 46249 174465 1653
D 184832 184831 766
I 194850 238218 186
D 260857 260858 1069
I 97205 134503 1309
D 75980 75991 323
I 107114 123889 1186
I 121138 214439 1137
I 63987 156678 1377
I 29997 194352 497
I 176845 237530 1252
I 68186 183928 534
D 192371 192583 209
D 12479 12478 1669
I 77610 78382 1638
I 124228 252168 631
D 159300 159295 2959
I 39842 84797 1066
I 186010 258930 433
D 150245 150212 1379
I 161136 258165 1055
I 152244 213284 1982
I 106753 185841 791
I 130330 151587 1301
D 6334 6333 687
I 11473 235571 1103
D 162645 162649 1357
I 172344 262881 526
D 256663 256622 1339
I 91545 125161 429
D 118228 118230 311
D 141337 141335 1208
D 211148 211146 745
D 96628 102811 1998
D 124403 124404 2321
I 62716 130559 718
D 155909 156095 873
D 89272 89297 1864
D 210822 210820 902
I 12705 105344 1270
D 41690 43445 221
D 7840 7837 1311
D 193359 193363 5390
I 90091 153465 1748
I 256294 257963 1081
I 26431 102884 201
D 30258 30254 1620
D 181052 181051 1034
D 212118 212093 1964
